# oST version 5.0 parameters


[image]

width
640

height
480

[narrow_stereo]

camera matrix
290.311921 0.000000 289.208905
0.000000 290.779838 244.567896
0.000000 0.000000 1.000000

distortion
-0.236330 0.039303 -0.002232 0.002691 0.000000

rectification
1.000000 0.000000 0.000000
0.000000 1.000000 0.000000
0.000000 0.000000 1.000000

projection
198.968155 0.000000 296.009760 0.000000
0.000000 228.862579 244.183311 0.000000
0.000000 0.000000 1.000000 0.000000

