image: corridor2.pgm
resolution: 0.050000
origin: [-69.400000, -26.200000, 0.000000]
negate: 0
occupied_thresh: 0.65
free_thresh: 0.196

