image_width: 640
image_height: 480
camera_name: narrow_stereo
camera_matrix:
  rows: 3
  cols: 3
  data: [583.766452, 0.000000, 312.341651, 0.000000, 545.811959, 222.707424, 0.000000, 0.000000, 1.000000]
distortion_model: plumb_bob
distortion_coefficients:
  rows: 1
  cols: 5
  data: [-0.128422, 0.305173, 0.005012, -0.005242, 0.000000]
rectification_matrix:
  rows: 3
  cols: 3
  data: [1.000000, 0.000000, 0.000000, 0.000000, 1.000000, 0.000000, 0.000000, 0.000000, 1.000000]
projection_matrix:
  rows: 3
  cols: 4
  data: [593.673645, 0.000000, 310.088982, 0.000000, 0.000000, 552.878113, 225.677363, 0.000000, 0.000000, 0.000000, 1.000000, 0.000000]
