# oST version 5.0 parameters


[image]

width
640

height
480

[narrow_stereo]

camera matrix
583.766452 0.000000 312.341651
0.000000 545.811959 222.707424
0.000000 0.000000 1.000000

distortion
-0.128422 0.305173 0.005012 -0.005242 0.000000

rectification
1.000000 0.000000 0.000000
0.000000 1.000000 0.000000
0.000000 0.000000 1.000000

projection
593.673645 0.000000 310.088982 0.000000
0.000000 552.878113 225.677363 0.000000
0.000000 0.000000 1.000000 0.000000

