image_width: 640
image_height: 480
camera_name: narrow_stereo
camera_matrix:
  rows: 3
  cols: 3
  data: [538.914261, 0.000000, 311.027555, 0.000000, 504.416883, 260.575111, 0.000000, 0.000000, 1.000000]
distortion_model: plumb_bob
distortion_coefficients:
  rows: 1
  cols: 5
  data: [0.176206, -0.363409, 0.001018, -0.003290, 0.000000]
rectification_matrix:
  rows: 3
  cols: 3
  data: [1.000000, 0.000000, 0.000000, 0.000000, 1.000000, 0.000000, 0.000000, 0.000000, 1.000000]
projection_matrix:
  rows: 3
  cols: 4
  data: [548.037109, 0.000000, 308.653812, 0.000000, 0.000000, 515.636963, 261.074572, 0.000000, 0.000000, 0.000000, 1.000000, 0.000000]
